4.86
2.06
3.18
2.41
3.55
1.49
2.34
2.56
0.55
3.89
4.93
4.02
2.65
2.44
3.97
1.53
4.74
0.58
2.41
0.70
1.73
2.02
4.97
4.96
3.50
4.33
1.09
4.61
2.89
2.23
3.23
3.05
0.83
0.85
2.46
0.09
1.23
2.41
2.36
3.18
2.57
4.96
0.63
1.87
1.87
3.23
3.28
2.19
4.21
3.57
2.33
3.39
1.62
0.11
0.84
4.18
0.33
0.14
4.09
3.96
4.93
3.97
1.21
2.44
1.33
3.31
3.99
2.33
2.28
4.88
2.72
1.66
2.57
2.33
4.63
1.80
3.35
0.34
1.15
1.59
0.27
2.68
3.12
2.17
0.23
1.11
0.65
0.36
2.02
0.69
4.55
4.53
2.17
0.54
1.08
4.57
1.64
0.73
2.44
4.90
1.84
2.68
2.02
1.49
1.65
3.35
4.85
3.96
3.69
3.97
0.28
0.62
0.03
1.34
2.54
0.04
0.31
3.34
4.41
2.25
2.10
3.81
4.51
0.32
4.10
1.95
1.06
3.63
1.36
0.85
2.66
1.24
4.22
1.86
0.91
2.77
0.34
2.12
2.79
4.61
4.70
1.58
0.54
4.64
2.39
0.05
0.76
4.01
1.35
3.39
0.46
2.57
3.34
1.65
1.76
3.10
0.67
2.68
1.92
1.88
0.42
1.67
3.85
3.05
3.53
4.27
2.19
3.06
3.84
2.79
4.32
1.08
0.31
2.80
3.22
3.94
1.20
4.06
4.83
0.78
0.60
0.14
2.63
3.75
3.15
1.25
2.80
1.10
1.97
4.62
4.86
0.63
4.44
2.62
4.74
1.80
2.12
0.46
3.40
0.55
2.29
3.44
3.09
0.63
2.75
4.01
2.20
0.90
3.34
2.56
3.36
3.94
2.77
2.87
2.63
2.88
3.00
4.28
4.49
3.54
0.43
3.47
4.56
0.24
2.10
2.84
2.71
0.04
2.42
4.43
0.48
4.92
3.07
0.15
1.77
4.41
3.78
1.99
2.75
0.57
3.72
2.03
0.79
2.16
2.51
2.93
4.72
0.28
1.36
1.66
4.09
2.22
1.16
0.52
4.33
0.93
1.90
3.09
1.59
2.15
2.68
4.54
4.61
0.20
4.04
0.13
0.70
4.31
0.42
0.19
0.90
3.26
3.53
2.93
3.93
4.61
3.19
3.96
1.48
1.73
2.11
0.99
4.27
4.68
2.25
2.09
0.12
0.10
3.34
2.74
0.60
0.35
2.17
1.14
1.90
4.04
2.31
0.03
2.99
0.40
4.53
4.03
4.91
4.82
2.91
0.92
0.32
4.45
4.71
1.03
4.38
4.08
3.87
1.17
3.32
3.72
4.27
2.63
4.95
2.96
4.51
2.96
2.81
1.30
4.83
0.41
4.34
4.46
3.21
2.49
1.97
3.08
4.25
0.01
1.84
1.31
3.01
4.32
2.35
0.11
4.98
4.99
0.96
4.37
4.02
0.65
4.50
2.94
2.26
3.29
2.63
3.62
1.42
4.96
2.00
4.36
1.83
0.41
1.40
3.93
3.33
1.07
2.06
0.84
0.35
0.03
2.09
2.30
4.86
3.77
4.78
4.59
1.70
4.53
0.25
4.82
3.68
3.22
3.57
0.45
4.83
3.69
0.82
1.74
1.29
1.27
1.02
1.56
1.22
2.07
3.82
2.01
2.82
0.07
2.91
0.47
4.50
2.51
4.40
1.42
4.08
4.91
3.19
0.17
4.92
1.28
2.85
2.49
1.21
1.97
4.28
3.55
2.30
0.28
0.31
2.18
1.01
1.61
1.83
1.31
1.95
3.00
3.88
3.86
1.67
0.11
3.29
2.30
4.93
2.59
3.51
4.51
3.41
2.26
2.71
0.67
1.02
1.09
3.17
2.66
4.92
2.31
4.27
1.44
0.19
4.48
1.01
0.70
4.03
4.08
0.74
2.67
0.16
1.05
3.79
3.52
1.77
3.70
4.32
1.75
2.57
2.64
2.02
1.23
3.34
2.19
1.68
0.24
2.53
3.28
1.70
3.30
4.56
0.98
2.83
2.82
3.75
1.07
0.35
0.89
3.48
0.91
4.54
1.22
4.93
1.94
4.03
4.55
0.30
4.61
2.49
1.06
4.81
4.85
2.07
2.10
2.75
0.18
1.81
1.54
2.76
4.84
4.88
1.50
3.19
1.92
2.99
4.58
2.98
3.78
2.87
4.44
4.39
2.39
1.72
0.26
0.73
4.50
1.22
0.74
1.53
1.26
1.18
2.76
1.62
1.89
0.72
4.64
3.52
4.83
0.11
2.10
2.67
0.92
4.99
2.63
4.78
4.66
2.68
3.38
2.46
2.03
2.96
1.44
1.41
2.71
4.49
2.56
0.70
4.95
3.26
2.93
4.91
1.99
0.32
0.56
2.13
4.43
1.81
2.18
3.90
2.55
2.00
0.59
2.09
3.67
1.09
4.60
0.61
2.27
4.89
1.97
0.50
2.39
1.49
0.36
2.72
4.60
4.41
4.67
1.21
3.10
1.83
4.24
3.11
3.56
0.43
0.20
2.98
4.35
3.43
3.09
1.09
1.58
2.87
1.82
1.04
2.60
4.52
1.83
4.14
1.46
2.89
4.58
4.93
4.66
4.14
1.70
1.61
4.06
3.95
4.90
1.20
3.25
0.71
1.24
3.71
2.57
3.19
0.22
4.65
4.25
1.58
2.08
3.32
0.10
0.26
1.82
2.15
2.66
0.04
0.90
3.84
1.66
3.74
3.93
2.94
2.42
2.54
0.51
2.37
4.27
1.75
4.94
0.93
0.72
1.83
1.88
4.10
4.51
2.49
3.66
2.65
3.23
3.29
0.38
0.10
1.58
2.55
0.81
1.01
1.51
2.19
3.48
3.99
3.84
3.70
3.12
1.63
0.17
4.57
0.73
2.14
4.15
1.73
0.17
3.18
0.90
4.07
2.93
3.08
2.23
1.41
0.68
1.93
4.57
3.25
1.40
1.93
0.01
1.78
3.15
1.29
1.53
1.71
2.90
3.74
2.27
1.92
0.21
0.05
1.76
4.04
4.66
0.04
1.10
1.34
4.40
3.72
1.31
2.53
3.99
4.79
0.50
3.88
1.96
0.92
4.69
2.26
2.23
0.07
4.09
3.16
2.48
4.91
0.28
2.57
4.33
4.24
1.01
4.64
0.08
1.92
1.45
0.26
0.43
4.24
2.07
1.15
4.37
4.99
2.81
0.13
3.19
0.73
2.13
0.99
1.18
2.17
4.01
3.70
1.22
4.36
0.44
3.53
1.18
1.55
3.29
3.97
2.96
2.06
4.64
4.63
4.99
0.30
1.11
4.02
0.85
3.23
2.61
4.95
1.53
2.21
4.78
3.69
4.16
3.37
4.04
2.91
2.84
1.00
2.46
2.49
0.81
2.64
0.68
4.51
3.97
0.61
3.42
4.54
3.62
3.48
0.02
1.16
3.17
4.77
2.06
2.48
3.01
3.68
4.33
3.72
0.71
3.43
1.93
2.51
1.82
0.43
3.22
0.34
1.87
2.98
0.67
2.51
0.96
2.35
1.15
2.62
2.32
2.74
2.08
0.15
3.34
0.17
2.39
2.21
1.32
0.96
3.02
2.34
0.57
0.80
3.49
4.96
3.03
1.38
3.58
1.38
0.22
2.05
3.67
3.93
3.50
4.11
1.12
4.94
0.25
4.83
2.87
3.43
0.17
3.75
3.68
2.81
0.59
1.91
4.10
3.59
2.16
1.26
1.93
2.96
0.10
4.48
4.19
4.81
4.23
1.65
0.16
0.38
1.40
0.87
4.54
4.34
0.06
2.04
1.29
3.26
4.93
1.70
3.99
3.31
0.05
1.86
0.56
2.16
3.86
2.06
4.95
4.90
2.17
3.01
3.09
2.55
2.08
3.67
1.76
1.41
1.53
3.23
3.61
5.00
3.55
1.98
0.87
1.04
2.19
0.71
0.53
4.33
0.43
0.52
3.80
0.70
3.03
3.20
4.27
3.83
2.19
4.06
4.05
3.67
4.15
0.77
4.02
1.17
3.57
1.72
1.46
4.12
0.94
4.93
1.80
0.19
1.41
3.58
4.93
2.06
3.18
0.73
3.78
4.36
2.83
4.95
3.00
4.52
2.47
4.35
0.06
4.59
0.87
3.35
0.06
2.52
1.75
0.31
3.98
4.82
4.79
1.36
2.67
2.65
1.32
0.13
0.84
4.04
2.00
3.33
3.10
4.16
1.72
2.04
4.09
3.77
1.18
2.72
3.67
2.79
2.58
1.87
3.53
1.00
2.81
4.41
4.86
4.95
0.21
3.52
0.23
1.05
3.52
3.87
1.80
2.67
1.25
2.30
3.59
0.49
4.99
2.69
3.02
2.33
4.82
0.58
0.25
0.02
1.12
1.49
0.23
2.16
4.47
1.17
4.02
1.39
2.82
0.47
0.52
4.67
0.82
1.05
3.08
0.65
2.46
3.95
2.76
4.56
1.50
0.92
1.47
0.92
4.14
1.78
2.19
4.33
2.78
1.35
3.90
3.65
3.70
2.51
0.10
0.68
3.07
0.31
3.23
0.57
0.30
2.04
1.43
1.33
4.83
0.89
1.53
1.32
2.32
3.63
1.85
1.49
0.26
4.91
0.31
3.80
3.77
3.96
1.99
2.54
1.23
4.01
3.26
1.44
4.44
2.04
1.82
4.04
3.60
0.90
4.69
0.66
3.48
0.47
3.56
3.43
3.61
1.19
4.57
4.81
3.15
2.64
3.26
1.08
1.55
2.46
2.49
3.66
0.55
1.66
2.66
0.21
2.48
3.94
4.68
3.05
1.93
4.45
0.18
1.21
1.65
4.63
1.33
2.40
3.39
3.01
0.97
4.81
4.97
0.25
3.46
3.97
2.61
0.87
0.32
2.42
0.88
4.57
3.51
3.06
1.62
1.36
4.84
2.78
1.06
1.77
3.88
4.39
4.72
0.43
4.31
1.52
1.97
2.97
0.68
1.55
3.95
2.99
0.13
1.43
1.60
2.39
3.51
3.85
0.65
2.62
3.77
3.22
1.03
0.43
1.59
4.89
2.15
1.92
4.79
0.24
2.19
2.17
1.32
2.32
3.82
2.58
1.40
2.28
4.76
1.09
3.18
3.47
4.42
1.29
0.59
4.83
0.46
3.40
4.23
5.00
2.36
0.30
4.78
4.62
4.23
4.10
3.54
0.21
2.32
0.94
1.99
3.63
4.44
1.85
3.15
0.30
2.60
2.92
1.83
2.25
2.43
2.64
0.08
2.42
0.52
3.43
0.34
1.11
2.78
3.53
2.56
2.64
4.78
0.24
2.50
4.18
2.64
1.06
4.68
4.21
2.13
1.99
2.92
3.01
3.07
2.65
0.85
1.97
3.74
1.82
2.05
4.23
1.14
3.42
4.10
0.27
2.06
0.47
1.59
2.46
2.03
3.90
2.69
0.14
0.68
3.58
3.98
4.95
3.78
4.70
4.62
0.86
3.85
2.02
1.11
4.58
1.53
4.42
3.97
3.97
3.55
2.09
3.16
3.62
1.46
0.72
1.33
2.64
0.13
0.16
1.46
1.74
4.13
4.00
4.83
4.22
3.44
2.54
4.57
3.39
1.54
2.48
4.88
3.06
3.86
4.34
2.01
3.75
0.11
2.01
2.55
4.50
1.88
0.34
2.18
0.40
1.21
3.95
3.33
0.01
3.54
1.43
0.71
4.04
3.04
0.52
1.06
1.02
0.53
2.56
4.34
3.33
3.83
3.49
0.20
3.94
4.89
0.77
4.17
3.90
3.89
2.24
2.51
3.10
4.28
1.59
0.73
3.15
2.56
4.48
0.91
1.06
2.45
3.24
3.37
0.89
2.10
1.04
3.03
1.76
2.60
2.98
0.40
1.51
0.62
4.98
0.57
3.67
0.24
0.89
2.04
2.84
4.58
1.61
2.77
4.20
1.67
4.34
0.52
3.02
2.80
4.85
1.88
4.39
4.41
0.97
3.48
3.73
4.65
2.62
0.57
3.23
2.03
2.09
2.57
0.91
4.44
2.94
2.69
1.21
1.29
2.97
3.30
2.30
1.74
0.69
4.37
3.02
0.93
2.66
1.79
4.07
2.88
3.29
3.82
4.71
4.19
4.54
0.41
1.18
0.23
3.42
4.08
4.34
2.71
0.13
3.68
0.91
4.22
2.04
3.58
2.39
4.52
4.95
2.84
3.47
2.88
1.15
2.53
2.28
1.29
0.93
1.19
1.43
1.00
3.67
4.70
2.11
2.67
2.95
2.28
4.33
1.40
3.24
0.99
2.88
3.08
4.08
2.10
3.83
0.43
4.25
0.70
2.01
3.33
4.14
4.51
2.13
3.70
0.05
1.06
2.47
2.58
0.99
1.86
2.63
1.38
4.24
4.49
0.00
0.17
3.84
2.74
1.24
1.90
0.55
4.92
0.27
0.08
3.76
1.73
2.69
3.93
1.60
3.64
2.10
3.09
4.15
4.05
0.07
4.66
0.74
3.06
4.97
0.80
3.43
1.04
2.64
3.22
3.35
3.48
2.18
2.46
2.33
0.60
4.46
3.90
2.58
1.42
3.24
1.66
1.06
0.78
3.16
2.92
3.43
3.65
4.23
2.73
3.55
0.35
1.19
2.02
1.39
2.22
3.89
1.18
2.47
0.23
0.53
3.17
3.78
0.83
3.83
1.51
3.63
4.97
2.43
2.35
0.96
3.62
2.15
0.20
3.36
3.74
0.29
4.30
3.50
2.61
2.91
3.23
4.72
0.05
2.87
2.95
2.98
2.79
2.66
1.60
3.77
3.60
3.00
0.98
4.88
3.10
3.69
2.57
2.85
1.43
0.26
1.91
0.35
4.72
1.05
1.65
0.17
3.07
4.96
2.35
3.81
1.93
1.91
2.60
2.46
1.02
4.07
4.22
1.19
4.29
4.84
3.27
2.84
0.65
1.33
1.71
4.72
4.03
0.82
4.93
2.61
1.72
0.85
0.79
3.71
0.25
2.69
1.77
2.69
1.78
0.01
1.41
3.77
1.47
2.75
3.80
0.54
3.03
4.05
4.66
0.63
2.43
2.86
4.79
1.56
4.78
3.02
3.20
1.12
1.75
0.85
0.84
4.81
4.44
2.74
4.74
1.81
4.46
3.54
0.44
1.57
1.82
0.52
4.77
2.15
4.47
4.52
3.51
2.22
3.28
4.51
0.12
4.81
2.28
3.59
4.10
3.58
3.30
0.74
3.55
0.08
3.75
2.05
0.62
3.05
1.79
0.78
4.40
3.61
4.20
0.06
3.55
1.54
3.18
2.92
3.73
0.19
1.72
3.49
1.86
3.04
2.35
4.25
1.29
4.06
1.66
2.00
0.68
1.59
0.65
1.32
3.62
1.76
4.40
2.51
4.28
0.87
2.14
4.42
1.37
3.83
1.57
0.39
3.93
2.27
0.96
3.76
0.18
0.40
1.11
1.45
4.15
1.18
3.22
2.72
1.16
2.17
2.84
4.96
0.90
2.68
1.46
2.47
1.08
3.00
0.07
0.89
2.72
3.52
1.46
1.22
2.92
3.96
2.95
2.74
3.05
3.30
1.89
2.44
2.79
0.22
5.00
1.95
0.42
4.56
1.34
2.28
0.19
0.75
1.96
1.45
2.97
3.92
2.16
3.14
4.23
0.23
2.19
3.32
0.36
4.89
4.71
4.77
2.49
2.57
0.62
0.99
4.40
1.99
1.82
1.10
2.75
2.63
2.96
1.19
2.98
1.70
1.69
2.16
3.06
4.40
3.80
0.92
4.69
0.95
3.74
3.78
0.69
4.92
4.79
1.87
2.81
3.29
2.40
4.44
3.32
3.13
1.24
1.70
1.28
2.99
1.42
2.98
1.59
1.66
4.88
3.90
1.32
0.22
4.54
0.60
3.86
1.19
0.57
2.01
1.46
0.35
1.53
1.43
0.64
0.35
3.64
2.51
1.37
4.60
0.38
1.42
2.91
4.93
2.67
4.59
4.38
4.57
0.70
4.53
4.90
1.46
3.30
0.96
0.95
4.78
1.21
0.79
2.70
3.00
4.28
3.45
2.23
1.30
0.97
2.23
0.27
2.71
1.50
1.32
0.20
1.34
3.66
3.12
2.72
4.08
0.54
3.88
3.53
0.02
2.09
2.64
2.87
3.98
4.65
1.80
0.30
4.97
2.60
3.45
4.15
0.80
1.98
4.04
3.67
0.49
3.64
3.10
3.68
0.46
4.35
2.01
2.07
0.16
0.13
3.59
3.47
3.77
1.46
4.15
4.10
0.92
3.60
2.55
0.90
0.53
2.72
0.31
3.89
1.27
3.97
2.07
4.37
4.23
3.79
3.36
0.19
2.85
0.43
4.21
0.40
0.16
1.73
4.89
3.30
4.83
4.02
4.56
2.16
0.97
2.21
1.12
3.50
3.78
4.53
2.65
3.20
2.74
5.00
4.44
2.15
1.32
4.57
3.85
4.41
2.42
4.56
3.20
4.94
0.37
2.55
3.92
4.28
3.06
1.07
0.49
0.86
1.12
4.71
1.32
2.01
2.41
3.83
0.52
1.60
1.36
3.73
0.76
4.36
4.11
4.44
0.45
4.41
4.52
3.95
3.40
1.41
4.79
0.31
1.92
4.63
0.62
3.74
0.76
4.17
2.37
2.09
0.04
3.05
2.58
3.20
4.21
3.00
0.77
4.77
1.72
4.89
4.02
3.87
4.52
1.74
4.93
4.56
0.12
3.28
1.85
0.09
2.00
1.33
2.58
0.87
2.06
3.81
2.08
0.64
3.45
2.39
0.08
4.08
4.90
0.84
4.39
2.35
4.90
1.79
4.14
4.23
0.05
0.59
0.37
3.85
0.84
1.49
3.10
3.39
4.02
3.16
4.31
2.05
4.95
2.73
3.15
2.62
4.41
2.68
4.20
0.81
1.67
1.53
4.45
3.50
3.88
3.11
4.84
0.39
2.20
3.12
2.44
0.36
3.26
3.76
4.49
3.16
1.40
2.59
0.10
0.67
4.23
4.67
1.74
3.65
4.88
2.86
2.79
1.81
2.09
2.05
4.46
0.45
1.33
1.17
2.18
0.81
4.60
4.83
1.50
0.37
2.40
2.76
4.86
3.14
4.61
4.21
0.75
0.34
1.05
3.98
2.40
3.38
3.39
4.58
2.47
2.07
3.39
4.73
2.40
0.68
1.43
3.64
1.92
4.91
0.04
4.99
0.92
3.13
3.25
1.12
4.41
0.22
0.09
3.63
3.92
3.39
4.88
3.08
4.08
0.57
4.97
2.71
0.77
4.84
2.95
4.80
4.77
4.39
4.75
1.13
2.83
3.37
0.71
2.49
4.62
2.04
0.62
2.84
4.67
3.91
0.51
4.80
3.57
2.33
4.98
1.49
4.54
0.83
2.65
1.44
3.37
1.47
0.16
0.87
1.14
4.92
4.16
2.71
0.54
3.44
2.68
3.04
1.03
3.20
2.26
0.97
0.87
3.34
3.37
3.17
3.05
3.74
3.30
0.73
0.33
4.46
3.03
2.17
0.03
2.01
3.61
0.86
1.85
2.99
3.67
4.91
1.89
2.09
2.88
4.13
4.14
2.74
3.41
2.91
3.93
4.50
4.64
3.26
3.31
2.80
2.39
3.71
4.86
4.57
2.99
0.91
0.04
4.23
2.61
0.21
0.80
4.19
3.41
2.80
0.34
4.78
0.33
0.93
1.67
0.42
0.05
0.65
1.02
4.01
2.86
0.67
1.18
2.70
4.11
0.28
4.08
4.11
1.78
3.16
4.57
1.29
4.59
0.34
2.43
0.18
0.07
1.14
2.39
0.52
0.71
0.88
3.18
1.26
3.54
2.30
2.76
4.13
2.98
3.44
4.48
4.14
0.59
0.18
0.69
0.14
4.83
4.02
2.37
1.33
4.28
2.07
0.24
4.55
3.37
3.60
4.33
2.53
3.13
3.93
4.49
0.38
4.97
0.90
2.32
4.26
1.77
3.55
2.88
4.80
2.98
1.36
1.91
4.71
0.85
3.23
4.34
2.78
4.90
3.69
3.32
3.71
4.01
2.39
0.57
1.53
4.20
0.03
4.73
0.37
2.94
1.93
0.75
4.59
2.74
0.86
2.05
4.41
4.49
0.92
2.10
2.02
4.82
4.40
0.08
4.83
4.96
0.62
4.03
4.80
3.26
1.94
1.05
3.08
4.83
1.77
3.94
3.67
2.87
2.12
0.49
0.34
4.88
3.54
2.14
2.56
1.36
0.73
4.37
0.09
3.42
2.29
3.19
3.11
1.83
3.26
1.57
2.06
3.39
0.90
0.44
3.10
1.74
2.36
3.74
2.00
2.10
2.24
0.79
4.88
3.46
4.14
2.55
2.41
0.23
4.73
4.14
0.46
4.56
3.35
4.60
2.82
3.18
0.36
4.51
3.35
2.67
2.85
2.93
0.96
0.37
0.68
0.11
4.70
0.54
1.23
2.48
4.17
4.55
2.93
4.29
3.61
4.35
1.15
4.79
1.15
4.07
2.90
2.81
4.11
3.74
2.85
3.85
4.76
3.24
4.32
4.26
1.28
3.38
2.75
0.01
2.74
4.79
1.42
3.32
4.90
0.42
3.36
1.27
3.67
3.13
0.39
4.07
2.88
0.05
3.62
2.93
0.21
3.82
4.35
1.57
1.75
4.84
2.17
3.77
4.39
2.83
0.93
0.57
2.42
2.99
3.97
0.00
2.99
2.76
0.27
2.36
1.08
3.24
2.91
2.99
4.17
2.86
4.54
1.67
1.22
4.38
1.42
0.71
4.32
4.85
1.17
2.52
1.07
2.65
4.31
4.60
1.39
2.40
3.73
0.61
1.02
3.89
2.74
3.92
2.64
3.22
3.06
1.35
3.07
3.13
3.08
4.50
3.02
3.18
0.73
4.13
2.18
3.29
4.91
2.29
0.45
0.74
1.13
0.27
1.37
0.03
1.85
1.28
4.60
2.51
4.88
2.27
3.93
2.32
3.02
3.43
1.89
3.99
4.50
4.40
1.30
4.49
3.94
3.19
0.87
0.26
0.79
0.79
2.28
1.86
0.12
4.71
3.45
3.20
4.40
4.17
4.06
3.48
3.09
4.01
3.61
0.16
3.81
1.17
1.55
4.07
3.05
2.12
0.74
3.21
3.57
3.75
0.98
0.11
4.57
2.81
4.41
4.15
2.13
2.21
1.17
1.77
0.33
0.42
4.07
1.19
2.18
4.24
3.09
0.82
4.64
1.20
2.82
0.87
2.53
3.93
4.61
3.31
3.88
1.88
3.45
4.74
0.89
0.45
3.99
3.96
2.31
0.63
4.24
1.84
0.87
3.08
3.01
3.43
2.40
2.16
3.02
1.37
4.69
4.08
0.69
0.09
4.10
0.90
2.67
2.67
2.72
3.25
4.29
4.20
3.21
0.79
1.77
0.70
0.03
3.02
2.90
4.66
3.85
1.50
4.38
0.51
3.26
0.02
2.70
0.79
4.96
4.42
0.07
2.60
4.39
0.90
0.42
3.54
0.73
1.98
3.68
0.14
4.67
3.53
2.25
2.89
3.43
3.56
1.81
0.39
4.70
2.14
3.35
2.38
3.37
4.46
3.19
0.97
0.85
2.40
2.38
4.87
4.43
2.37
1.63
3.45
3.30
4.02
3.05
2.65
2.70
0.63
0.41
4.23
4.90
2.63
0.78
3.11
4.68
1.23
1.37
2.60
3.79
1.41
1.37
1.21
0.11
3.64
4.24
4.08
0.44
0.14
2.43
1.33
0.75
4.59
2.52
0.94
2.04
4.63
2.63
3.50
1.50
2.76
0.26
4.27
4.71
0.31
2.70
0.48
4.48
3.21
1.40
3.59
2.63
4.36
2.90
2.99
0.31
1.39
4.21
4.38
4.31
2.83
3.65
5.00
1.89
3.75
0.54
0.74
0.61
2.13
1.22
2.18
1.04
2.96
0.77
3.87
0.43
4.99
2.12
2.25
2.87
4.14
0.51
2.29
0.45
1.76
3.39
4.92
4.04
4.94
1.98
0.85
4.14
2.86
1.24
4.60
2.23
4.54
0.85
1.69
1.80
4.76
3.84
2.43
2.37
2.04
2.38
2.52
1.94
4.53
4.79
1.60
2.23
2.04
1.78
4.82
4.80
3.97
2.75
4.67
1.92
0.36
2.94
4.88
0.84
1.68
2.65
2.09
3.37
0.03
0.53
2.13
4.42
4.31
4.17
0.99
1.46
3.79
4.88
3.83
1.04
2.08
2.04
2.93
3.08
3.87
4.81
2.62
1.40
2.60
3.41
2.29
2.69
3.64
0.47
1.82
4.56
2.02
1.57
0.16
4.93
0.73
4.39
3.06
4.55
4.99
3.15
3.47
1.99
1.92
2.78
4.71
2.02
1.94
0.67
2.11
1.95
2.68
2.51
3.57
3.95
2.58
3.44
4.61
0.57
1.47
0.90
2.15
4.63
4.55
4.67
3.36
3.04
0.06
4.47
1.25
4.70
1.35
3.72
2.53
0.27
3.97
1.02
4.54
1.73
0.91
4.35
1.57
2.61
4.44
2.95
3.40
3.35
4.76
2.82
4.00
3.25
4.19
0.27
4.33
1.68
0.95
0.22
2.31
2.54
2.40
4.39
3.18
1.17
4.96
2.80
0.34
0.71
1.66
2.98
2.93
2.24
3.52
0.54
3.57
0.66
2.97
3.35
2.82
3.06
0.15
0.10
0.79
3.75
0.96
2.69
2.85
4.02
0.23
0.19
0.82
1.38
1.03
3.55
2.47
3.37
2.72
3.61
2.43
4.31
2.57
3.40
2.09
3.27
0.22
1.99
4.51
4.07
2.19
2.70
3.44
4.63
2.66
0.57
1.26
2.63
3.59
4.47
0.96
1.60
2.01
1.61
1.56
0.12
1.49
0.97
4.42
2.01
1.04
0.12
0.11
4.81
0.65
1.24
3.56
0.51
2.48
4.42
3.00
0.52
0.99
0.09
0.33
1.75
2.92
2.33
3.96
1.84
0.96
1.96
3.74
1.25
3.83
1.06
4.17
4.41
0.90
3.18
4.37
3.85
3.29
1.29
4.41
1.44
4.83
0.42
4.68
0.98
4.40
1.07
3.62
4.07
1.16
4.61
2.17
0.09
0.23
1.44
2.92
0.77
1.55
4.65
1.65
3.36
3.41
1.81
2.84
0.94
1.00
1.00
1.87
1.78
0.59
0.67
1.01
4.24
3.65
4.02
0.01
2.73
1.50
4.40
4.27
0.06
0.16
0.16
1.70
3.08
4.09
2.52
2.69
4.60
2.14
2.88
3.50
0.58
4.56
2.01
1.13
0.10
0.25
1.90
3.72
2.47
3.57
4.34
0.85
1.94
2.00
3.73
1.28
1.18
3.70
1.01
4.38
4.55
1.88
1.58
3.97
4.56
0.05
2.52
0.03
3.66
3.68
0.39
2.79
4.50
1.73
1.81
4.44
2.47
1.20
0.64
4.42
2.80
0.96
2.12
1.44
2.54
3.90
4.62
4.10
0.63
2.76
0.23
3.45
0.64
0.32
3.72
4.70
0.36
3.39
0.95
1.13
1.79
3.60
3.80
1.81
0.75
4.56
0.30
3.03
0.26
1.48
0.84
1.10
4.89
0.42
4.77
2.66
4.64
2.17
0.64
1.84
1.46
0.29
1.02
1.43
1.39
0.82
3.38
2.43
0.82
2.90
3.37
1.97
3.82
2.23
4.32
4.57
1.24
1.98
4.57
3.78
3.77
1.20
0.10
4.00
3.53
1.12
2.04
4.03
4.26
4.10
4.06
1.46
0.39
1.37
2.57
1.10
1.96
4.73
1.01
4.53
3.06
3.56
2.16
3.39
2.96
2.39
0.81
1.12
3.52
1.50
1.81
1.04
2.82
1.47
0.67
0.16
4.10
2.24
3.66
1.03
0.23
2.72
0.78
4.33
2.26
0.77
2.93
0.76
1.56
1.05
0.83
3.55
2.08
4.51
1.84
0.22
2.21
0.94
2.60
3.87
1.66
2.03
0.75
3.94
0.48
0.43
2.39
4.06
1.81
4.83
2.70
3.77
4.31
1.03
3.22
1.13
2.11
0.75
3.45
4.93
2.37
4.17
0.24
4.49
0.01
4.28
4.61
4.37
1.71
1.54
0.81
1.72
2.80
0.19
3.88
4.74
0.76
1.37
4.41
0.49
0.79
1.91
2.06
0.69
3.68
1.48
2.29
2.52
2.66
2.06
3.83
0.88
1.08
1.37
2.51
0.89
3.48
2.44
2.46
3.73
0.16
4.16
2.34
0.71
2.99
4.76
2.61
0.15
3.41
2.05
4.61
2.01
1.32
1.03
0.16
0.89
0.93
1.78
0.34
0.64
4.21
2.42
0.13
1.42
1.50
1.51
1.44
0.67
2.11
4.66
3.33
2.12
2.72
0.24
4.53
0.08
3.42
0.75
1.24
0.05
4.65
1.36
2.72
2.42
3.98
3.64
0.74
1.93
2.18
1.98
4.94
4.66
3.58
0.65
2.77
4.72
4.05
2.73
0.03
4.61
0.77
0.23
4.14
0.93
0.62
2.90
1.53
1.54
1.41
2.44
2.57
3.90
4.20
0.10
3.37
3.29
2.99
3.75
2.26
4.75
1.95
2.05
4.34
0.33
1.72
4.15
0.87
4.79
2.38
1.40
0.64
4.20
4.46
1.54
1.32
2.54
1.39
3.34
0.01
0.67
0.36
2.30
3.15
0.58
4.74
0.85
3.32
2.53
0.42
0.66
3.28
2.36
0.94
1.02
3.67
3.00
2.21
2.90
3.97
1.94
0.56
4.99
3.15
0.08
4.50
0.85
0.80
2.39
2.52
4.74
2.31
3.66
4.86
3.06
2.13
2.72
2.58
1.65
0.69
2.51
2.89
4.09
0.35
3.65
2.27
0.39
4.29
2.35
1.01
3.20
0.26
4.78
0.02
2.52
1.91
2.66
0.49
0.85
4.05
2.67
2.10
1.97
2.40
1.09
4.20
3.73
0.59
1.21
3.59
4.65
4.10
3.94
2.99
2.80
3.67
0.10
0.86
4.34
4.53
4.82
3.84
4.66
1.67
4.40
4.48
0.52
0.97
4.08
2.38
2.98
1.03
1.83
0.47
4.80
0.99
0.96
0.43
0.48
1.83
0.71
4.77
1.63
4.58
1.42
2.07
0.92
1.16
1.13
1.23
3.65
3.94
1.59
3.98
0.48
2.46
3.95
0.02
3.21
4.14
0.13
1.97
4.07
2.41
1.46
3.63
3.15
0.51
1.51
1.94
0.50
1.08
1.28
0.80
1.02
1.15
4.69
1.40
4.61
4.65
3.48
1.04
0.44
1.97
2.67
2.87
1.99
0.02
0.88
0.22
4.93
4.67
3.05
3.89
2.09
0.34
2.55
2.67
0.75
4.98
1.34
4.96
1.45
2.33
4.75
2.68
0.14
0.85
4.04
3.67
0.64
3.62
0.85
2.15
1.65
2.93
0.82
4.64
4.20
4.66
3.76
2.10
0.61
0.29
0.88
2.34
3.12
4.92
0.65
2.62
2.96
3.29
1.87
0.12
1.50
4.46
0.11
0.21
2.76
4.87
0.07
2.54
1.38
4.74
3.76
3.56
4.61
2.34
0.34
1.00
1.00
0.94
1.92
0.31
0.55
1.82
3.57
0.94
4.84
3.37
1.20
4.93
1.69
4.49
1.62
0.93
2.14
0.68
4.07
3.30
2.59
2.59
4.64
2.05
3.47
2.38
0.93
3.61
3.49
2.27
3.45
2.87
2.56
2.90
3.83
0.64
3.68
3.72
1.71
0.94
4.54
0.27
1.26
4.57
3.09
2.97
2.13
0.26
1.79
1.41
3.06
1.11
3.66
0.53
2.80
1.34
3.95
3.20
2.68
0.74
0.09
4.82
3.76
1.94
3.90
3.29
2.68
3.66
2.68
0.34
0.89
3.24
2.50
4.76
3.90
1.48
4.31
1.68
4.64
4.55
1.75
3.30
0.98
0.52
3.76
4.63
3.98
1.40
1.36
0.86
4.97
3.58
1.18
0.04
0.23
2.14
0.46
1.45
3.83
4.62
4.76
3.53
0.45
4.75
1.96
3.39
3.21
1.07
1.92
3.49
1.43
1.14
3.00
2.94
3.06
3.05
0.83
0.87
2.84
4.04
1.29
0.01
3.85
1.73
1.06
2.68
0.29
1.86
2.97
4.61
0.58
2.77
3.44
1.49
0.24
0.82
2.00
0.59
4.86
0.83
4.50
1.21
2.64
1.89
1.19
0.48
3.75
3.15
3.60
2.94
1.67
2.21
0.28
1.11
3.54
3.52
2.83
0.63
0.74
1.73
3.60
4.10
1.13
0.95
4.18
1.03
4.55
2.93
0.56
0.18
4.56
0.46
2.26
3.15
0.23
1.10
1.30
3.47
1.30
1.05
1.73
4.77
4.14
0.32
4.74
4.49
0.10
2.17
3.62
1.48
3.51
3.74
1.49
0.99
3.50
3.40
4.32
4.64
1.10
0.87
1.16
0.96
0.31
3.49
3.90
2.68
3.01
3.04
0.35
1.98
0.29
4.77
4.75
1.07
0.89
4.13
0.26
2.07
1.94
1.72
3.68
0.63
4.61
2.10
1.30
2.60
1.87
2.37
1.72
2.60
1.32
4.35
3.80
0.41
3.51
0.55
0.36
3.42
0.15
3.94
2.17
4.86
2.87
2.00
2.24
3.98
0.34
1.19
0.73
2.93
1.11
1.46
4.82
3.39
4.25
4.83
2.65
4.62
3.00
0.20
2.83
2.61
4.49
4.52
2.36
0.19
3.17
3.84
2.79
0.88
3.78
0.02
0.29
4.70
1.67
2.30
0.34
0.64
2.24
1.56
2.15
3.25
3.81
1.93
1.98
0.58
2.37
2.46
2.69
1.31
3.09
4.63
0.25
3.67
0.33
4.76
1.17
0.89
3.93
3.76
2.82
1.31
1.27
1.28
2.92
4.40
1.56
4.61
4.59
4.79
1.42
4.16
2.43
3.50
4.18
2.65
3.40
2.45
1.39
0.31
1.57
3.78
2.83
4.38
4.32
1.15
4.90
3.48
1.33
0.18
4.45
2.89
3.65
2.46
5.00
4.98
3.46
2.35
2.92
2.62
1.78
1.49
1.49
0.86
1.95
4.74
3.48
3.21
4.61
4.52
4.89
1.72
0.16
0.28
2.43
2.18
1.45
2.54
3.39
3.87
4.13
3.86
0.66
1.46
2.92
3.48
0.69
4.76
1.70
3.17
2.47
2.59
1.45
1.17
2.03
1.57
4.15
0.31
2.49
3.32
4.28
2.77
3.17
3.04
3.49
4.41
3.73
3.62
4.21
2.30
0.70
3.50
1.90
1.71
2.17
0.28
1.65
2.13
3.19
3.18
1.24
1.82
1.45
4.32
0.90
2.25
1.01
3.16
3.18
3.42
3.82
2.96
2.95
2.15
4.62
1.43
4.07
0.89
0.57
0.19
4.36
4.29
2.52
0.12
4.62
4.63
4.48
4.08
3.15
0.86
2.82
3.44
2.08
0.55
4.27
2.38
4.68
0.80
0.45
4.71
3.61
2.12
3.11
1.01
2.47
1.39
2.16
0.72
4.51
2.17
0.66
3.60
0.02
2.62
3.82
0.71
0.70
2.40
1.58
0.65
3.30
4.74
2.33
0.22
2.42
3.50
3.15
2.39
2.54
4.46
3.16
1.32
3.20
0.54
3.53
1.50
2.38
2.96
3.97
0.60
4.41
3.98
0.27
2.33
2.40
0.10
3.01
2.02
1.86
3.79
4.59
4.85
2.61
0.15
2.79
0.64
1.55
0.58
1.95
2.70
2.51
3.00
3.14
1.23
4.83
2.87
3.22
3.64
4.49
2.41
1.20
3.47
0.25
1.46
2.47
2.67
1.55
4.58
4.29
4.63
1.70
2.78
2.13
0.79
0.18
3.19
2.93
3.99
0.65
3.18
1.34
3.67
0.47
2.72
4.61
1.19
0.12
4.20
3.91
2.52
1.26
3.66
0.14
1.44
3.19
2.60
0.69
1.35
2.66
0.47
3.50
4.98
3.13
4.85
0.56
4.27
1.35
2.13
1.52
0.15
2.96
1.63
0.19
3.09
1.37
3.19
1.83
0.70
4.61
1.45
2.38
4.47
4.29
2.47
2.27
4.97
2.00
3.49
2.25
1.57
3.42
0.84
3.86
1.01
2.77
3.05
1.94
1.97
1.09
0.81
4.82
3.23
2.26
3.27
4.59
3.69
4.80
3.82
2.41
1.83
1.77
0.88
2.94
2.36
1.84
4.83
2.86
2.64
4.86
2.84
2.87
3.98
3.53
3.56
1.19
0.90
3.20
3.68
1.53
3.82
3.26
2.89
1.81
3.53
3.24
1.91
0.74
0.06
1.13
4.56
0.54
3.86
1.81
0.42
0.27
0.70
4.83
0.40
1.25
2.39
2.65
4.85
3.98
0.79
4.43
2.14
2.00
4.83
2.69
3.33
1.78
0.88
1.67
4.46
3.10
1.42
2.17
3.47
1.25
2.51
3.10
0.84
1.62
4.06
1.13
2.65
3.24
0.14
1.72
2.88
0.38
3.67
2.96
0.73
4.13
2.63
3.89
0.67
3.98
4.24
2.95
2.03
1.27
3.35
3.63
4.83
1.56
0.32
2.80
1.40
0.25
2.32
0.09
0.48
1.05
1.97
2.96
4.55
1.21
2.26
3.55
4.55
4.26
4.32
3.60
1.78
3.65
0.63
1.46
4.97
0.52
2.17
1.17
3.08
3.83
0.45
2.92
4.48
3.37
1.20
0.99
3.95
4.06
2.22
3.27
2.26
0.70
0.82
2.99
2.67
4.10
1.16
0.39
0.47
3.17
0.59
2.18
1.98
3.06
3.37
0.49
0.21
4.85
4.50
2.11
2.55
1.28
1.87
3.63
2.05
3.79
3.70
3.58
4.26
1.18
1.15
0.26
0.02
1.80
3.58
4.33
0.32
1.84
2.91
1.86
1.27
2.37
3.08
4.91
1.07
1.25
1.78
2.22
2.79
4.58
1.00
2.86
2.69
3.24
4.36
0.60
2.67
2.26
1.79
1.19
1.15
3.74
0.68
3.89
4.30
4.59
0.19
2.76
0.91
3.86
4.03
0.49
4.23
1.07
4.80
1.16
1.76
4.44
0.61
0.86
0.28
4.16
2.57
4.21
2.03
1.03
1.21
0.04
1.76
0.35
2.88
2.93
2.30
4.78
1.64
0.06
2.44
2.21
3.56
2.87
0.83
0.42
3.32
2.21
3.69
1.95
1.88
3.01
0.29
4.29
1.48
2.68
2.75
1.09
1.49
3.77
2.88
1.66
2.71
0.35
0.96
0.48
1.58
3.85
2.66
0.61
2.95
1.62
3.44
1.43
3.72
2.22
0.08
2.71
3.91
1.17
4.20
4.48
2.46
2.84
1.09
1.46
3.61
1.86
3.44
3.60
3.62
2.61
4.78
4.78
2.53
1.47
4.06
3.17
4.67
0.29
0.27
0.53
3.93
0.97
4.38
2.62
1.90
0.31
1.67
4.34
3.77
4.01
2.76
4.69
2.54
0.12
0.22
2.06
4.74
2.87
1.23
1.13
4.01
0.87
4.87
4.73
4.22
2.53
0.50
4.99
3.99
0.54
4.98
1.92
2.88
2.99
1.76
0.11
2.66
1.42
1.13
0.96
2.56
2.12
4.94
2.76
4.32
2.17
1.38
3.06
0.25
3.25
2.85
2.46
1.23
2.51
1.16
3.09
4.99
1.24
1.75
4.33
4.87
4.30
4.08
2.17
2.29
4.96
0.08
1.13
3.03
4.75
0.56
4.45
2.44
1.69
2.63
2.65
4.69
1.34
3.10
0.77
4.35
0.86
1.99
0.35
1.37
1.59
2.76
4.92
3.20
2.16
1.26
0.46
4.27
3.13
0.37
4.86
2.18
3.88
0.61
1.83
3.74
2.12
0.47
0.36
1.79
1.31
0.68
0.70
3.93
4.98
1.94
2.90
4.89
4.34
4.72
1.64
1.81
0.65
4.77
1.58
3.87
4.70
3.93
4.84
4.07
3.69
0.28
1.77
2.50
3.60
3.00
3.81
0.81
0.92
1.14
3.74
1.28
0.70
1.34
4.10
3.11
0.80
4.85
2.56
1.48
2.64
4.54
0.82
0.65
2.25
0.58
1.18
1.36
3.30
4.25
2.50
1.68
1.01
0.45
4.35
3.61
3.13
3.42
0.93
1.79
0.91
2.88
0.76
1.89
3.93
2.64
3.38
4.43
3.53
0.89
0.30
1.38
0.40
1.15
3.84
2.04
3.51
0.54
4.70
4.07
1.03
4.30
2.90
2.42
3.89
2.36
1.05
2.63
4.00
2.37
3.04
1.93
0.92
0.21
0.39
4.85
1.47
0.85
4.17
4.11
4.07
2.02
2.61
4.93
3.21
1.37
0.16
4.18
4.84
1.49
4.72
2.17
3.31
2.68
3.15
3.64
2.56
0.92
1.54
0.09
2.10
0.94
1.31
4.84
4.21
1.13
2.17
3.38
2.05
2.10
3.06
0.57
1.07
3.32
2.30
3.84
1.76
2.29
4.07
0.17
2.62
2.20
1.72
4.97
1.37
0.51
3.48
1.16
4.23
1.41
2.83
3.34
4.12
3.83
1.16
4.54
4.16
3.48
1.83
3.57
0.91
2.70
2.73
3.16
3.66
0.99
3.24
0.28
0.63
4.94
0.07
0.74
1.84
2.96
2.50
1.30
0.40
1.77
3.79
3.08
4.27
0.39
1.00
2.45
3.24
1.52
1.04
4.32
3.89
3.59
4.07
3.65
3.44
0.03
1.57
0.82
3.96
2.64
3.02
2.91
3.17
2.15
0.64
1.02
1.62
0.72
1.73
1.42
3.66
2.78
4.79
3.65
0.19
2.98
1.06
1.73
0.71
2.32
4.73
4.32
4.39
0.38
2.56
2.62
1.00
1.68
0.47
4.00
1.17
3.16
2.46
1.22
4.12
3.68
4.98
2.71
0.13
0.94
3.57
3.60
4.26
0.35
3.49
4.55
0.71
3.62
3.88
4.45
2.43
0.68
0.37
3.42
2.45
3.39
0.63
2.38
3.17
2.30
1.42
2.32
4.15
4.98
4.22
3.27
1.77
4.06
3.73
4.68
0.13
1.10
1.57
0.15
3.90
4.92
0.79
4.47
4.25
1.92
4.97
1.25
2.54
3.92
1.79
4.53
4.77
1.03
3.68
4.29
0.48
1.64
2.17
0.08
0.65
4.28
4.08
2.13
0.65
2.33
0.05
0.33
3.26
2.26
2.32
3.69
0.78
1.34
4.40
1.15
1.83
2.05
4.56
1.82
3.55
2.48
1.53
3.99
1.67
1.47
2.23
1.45
3.77
3.83
4.22
2.18
4.86
1.58
3.12
4.33
4.03
1.48
0.65
4.36
0.92
4.82
2.46
2.21
0.97
1.76
1.04
1.28
3.46
4.61
3.36
2.50
4.78
1.50
4.01
2.33
1.65
3.41
3.82
3.47
3.20
4.86
3.58
1.50
1.61
2.53
2.88
0.09
4.28
2.74
1.24
2.81
1.22
1.89
0.75
2.72
0.28
0.60
0.79
4.33
0.94
4.64
1.51
0.81
0.31
4.08
4.67
4.78
4.33
0.50
0.12
2.70
0.53
4.33
3.85
2.29
2.79
3.35
3.07
4.88
2.12
2.60
4.03
1.58
3.10
1.52
0.14
0.12
3.06
3.14
4.71
0.77
1.13
4.29
1.48
0.50
4.79
2.91
0.25
3.57
1.85
1.14
3.18
4.59
1.13
4.04
4.89
4.16
1.21
1.52
4.33
0.87
4.20
3.30
2.03
0.42
0.07
2.13
2.22
0.35
0.52
2.42
2.17
3.66
2.25
1.59
0.91
0.94
2.41
4.46
3.24
2.07
4.86
2.07
1.93
1.54
3.95
1.65
3.63
2.05
0.51
3.57
4.76
1.93
3.23
4.12
1.20
4.79
2.47
4.11
2.51
3.30
1.45
4.19
4.44
3.55
4.25
0.11
3.83
0.80
0.78
1.96
3.14
2.19
2.28
4.65
3.13
2.93
2.72
4.53
1.21
3.25
3.37
4.70
2.58
1.61
2.42
2.06
1.06
1.26
0.50
2.26
3.43
2.68
4.41
2.48
0.33
4.85
0.93
1.80
4.20
1.77
2.39
3.42
4.54
0.88
2.03
2.88
4.24
3.73
2.37
4.46
0.24
1.95
3.19
1.87
0.63
0.11
1.42
0.64
1.25
4.42
0.77
4.45
1.73
2.65
0.45
3.65
0.03
2.45
3.29
0.57
1.28
0.65
0.91
3.00
2.40
4.97
3.21
3.87
0.67
4.36
4.82
1.54
3.11
3.24
0.94
0.75
0.68
2.56
1.22
2.34
1.70
1.32
3.61
0.57
3.10
0.40
3.53
4.40
4.03
3.67
3.44
2.68
4.96
3.75
2.79
3.52
2.13
2.39
2.03
2.72
2.59
1.82
2.35
3.03
3.04
4.65
4.29
4.97
0.07
4.55
2.57
0.85
4.34
3.69
3.76
2.22
3.07
0.34
3.84
3.48
0.30
1.39
3.01
1.39
1.67
1.32
1.18
2.97
2.83
3.69
2.13
0.71
2.79
0.87
2.13
2.56
0.03
2.58
2.25
2.57
0.00
4.83
2.22
0.43
2.15
3.50
3.41
4.86
2.88
3.72
4.98
4.10
4.45
4.44
1.17
3.21
4.76
0.29
1.35
3.87
2.87
0.69
3.69
4.55
0.49
0.54
3.10
2.38
1.05
2.21
4.73
0.45
4.39
3.17
2.98
4.98
0.28
4.25
3.58
1.64
1.45
2.64
1.94
0.94
1.68
4.17
3.60
2.18
0.81
1.02
1.18
0.60
3.79
3.49
2.62
1.82
3.53
2.27
2.68
2.57
0.08
4.04
3.03
0.83
4.34
4.48
3.13
1.06
2.57
2.46
2.87
3.18
2.31
2.98
2.57
3.26
1.90
2.52
0.61
4.78
3.90
0.34
0.09
4.83
3.45
0.87
0.66
1.07
3.91
4.75
0.40
2.88
4.52
4.78
1.54
4.42
1.48
1.45
4.38
1.07
4.58
4.71
3.56
3.46
3.56
1.89
0.60
0.78
0.36
4.05
0.15
2.41
2.12
4.92
4.17
3.93
0.90
3.95
1.61
1.48
1.67
1.58
2.61
1.58
0.31
3.43
1.49
4.64
3.09
1.00
2.84
0.28
1.24
2.47
2.05
3.65
0.98
1.76
1.61
0.23
1.46
1.07
4.32
2.26
0.38
3.68
0.66
1.44
1.50
4.63
2.07
1.91
0.19
4.23
3.13
4.16
2.63
3.45
0.25
1.05
3.36
2.98
4.24
1.41
2.66
3.00
4.64
0.55
2.03
3.77
1.58
1.29
4.45
0.36
0.97
1.87
1.29
4.80
1.75
2.51
3.17
2.23
0.76
4.25
0.37
1.32
2.43
3.73
4.22
1.06
3.30
2.34
4.10
1.90
2.19
0.54
2.22
3.35
4.37
3.95
1.06
4.30
1.55
1.70
3.53
3.64
0.22
0.94
1.36
0.13
4.47
3.38
3.57
0.74
1.03
1.64
0.37
2.99
3.10
4.91
0.38
4.11
4.46
3.30
0.03
0.15
2.06
1.28
3.61
3.33
0.69
2.33
1.47
4.23
4.73
3.84
3.42
4.81
2.16
1.11
2.11
1.81
2.68
0.02
4.23
0.30
1.51
4.76
1.72
0.09
4.73
2.34
0.87
1.90
1.93
4.28
1.68
3.16
2.53
4.21
4.15
0.22
3.29
3.59
0.88
4.23
0.80
2.35
3.84
3.87
2.73
3.81
0.76
3.64
0.07
2.34
3.15
2.93
4.17
2.36
1.57
2.57
2.41
3.62
4.28
1.15
2.40
3.95
3.38
1.79
2.92
1.58
1.37
2.95
3.69
2.60
1.15
0.50
2.19
2.01
3.96
3.11
4.03
1.52
4.53
0.68
4.28
2.33
3.33
1.63
1.59
3.77
1.24
3.38
3.82
3.95
2.19
2.21
0.40
1.88
3.78
0.80
3.92
3.57
2.95
1.73
0.97
4.53
2.88
3.95
4.30
3.33
1.51
3.61
2.24
2.36
1.49
3.82
1.43
2.79
2.44
3.86
1.71
0.89
4.39
3.98
0.76
2.53
4.39
1.59
3.09
4.41
4.64
1.12
1.76
3.19
2.36
4.12
1.91
4.21
4.16
1.01
2.92
3.56
4.49
0.41
2.27
4.91
4.10
0.57
2.31
3.27
2.18
1.13
0.91
3.31
2.85
3.25
2.91
4.12
2.08
3.14
3.94
1.15
1.54
3.46
2.34
4.22
0.79
2.47
0.59
3.90
0.31
3.16
2.41
0.77
1.96
2.53
4.46
2.93
4.22
1.94
0.39
2.84
0.81
3.25
4.91
1.73
4.87
3.71
4.99
2.95
0.58
0.42
2.76
3.68
1.69
2.76
0.94
3.35
1.59
0.65
3.07
3.47
2.97
3.49
2.07
3.16
1.68
0.55
1.12
2.46
4.72
3.21
3.44
0.13
0.19
3.07
2.13
2.22
2.92
3.35
1.15
3.80
3.67
1.86
0.30
3.41
3.99
0.89
1.21
0.43
3.31
0.78
3.72
0.24
2.39
0.48
2.15
4.29
0.88
0.29
2.08
4.79
1.64
1.10
2.31
1.09
2.20
3.38
1.84
4.13
0.20
2.05
0.14
3.31
2.56
4.71
4.86
3.69
3.72
0.12
3.41
0.62
0.46
4.48
0.26
4.68
2.00
3.17
1.89
0.39
3.37
2.90
2.33
2.66
2.70
0.93
3.39
2.09
0.60
1.88
2.20
3.31
0.86
4.23
4.48
4.25
3.66
4.13
4.26
4.50
3.03
1.86
0.25
1.12
2.01
1.30
1.67
2.17
1.78
4.29
1.37
0.64
3.86
2.45
4.23
0.99
4.80
3.83
0.12
0.93
0.57
3.82
1.24
1.31
3.65
4.38
4.63
2.37
2.14
3.26
4.38
0.76
3.50
1.64
0.48
0.49
3.07
0.42
3.98
0.43
2.53
1.81
0.52
4.31
1.87
3.68
0.17
4.30
3.63
2.59
1.32
4.40
2.17
3.42
2.50
2.77
2.78
1.92
4.96
3.71
3.67
3.78
2.19
2.76
0.01
1.00
2.16
2.33
2.32
1.91
2.58
0.57
2.38
0.87
2.64
1.67
4.11
1.06
4.56
3.13
4.28
1.94
2.36
0.18
3.72
4.92
4.80
0.05
1.31
3.12
4.43
3.42
3.00
3.77
2.01
1.22
4.04
2.84
1.27
0.02
0.65
3.79
1.42
1.50
3.52
2.01
3.73
2.96
1.72
2.30
0.11
1.93
4.35
4.00
2.75
2.05
3.69
1.41
2.03
4.45
3.38
3.98
0.78
2.90
4.96
1.54
3.06
4.39
2.61
1.88
2.38
4.84
0.66
4.35
2.39
0.59
0.78
0.50
1.68
3.57
4.06
4.87
3.34
3.80
4.60
3.99
4.59
2.75
2.62
1.45
2.97
2.89
2.30
3.25
4.48
1.89
4.24
1.47
4.63
3.52
4.94
3.90
4.33
3.19
3.69
4.17
3.78
3.74
0.80
4.72
1.60
0.03
0.84
2.71
1.56
0.46
2.99
2.69
2.47
3.58
1.92
2.09
4.94
0.32
0.58
4.92
1.94
2.64
1.58
3.35
2.74
3.42
4.28
4.15
1.50
2.25
4.26
3.95
2.07
2.86
2.74
0.70
0.30
1.55
4.50
4.39
0.75
1.29
0.56
4.58
3.63
4.95
1.85
0.79
4.31
2.21
1.12
4.86
2.48
0.29
0.73
2.83
0.23
4.45
2.09
3.18
2.02
1.88
4.29
1.44
1.80
4.73
1.78
2.88
3.50
1.03
0.13
2.12
4.78
0.77
1.09
4.61
2.57
1.62
2.76
1.47
2.93
1.39
3.97
3.36
0.54
4.69
4.23
3.31
3.04
4.06
1.45
2.88
2.81
0.64
0.82
4.03
3.77
2.87
4.61
1.43
1.80
1.81
1.52
3.23
1.79
2.99
2.53
4.42
0.91
4.27
0.89
1.20
4.44
4.61
1.75
4.06
1.88
3.03
1.65
4.92
2.64
3.61
2.97
0.05
4.70
1.56
1.14
1.13
4.51
0.47
1.87
3.92
0.78
0.01
3.56
2.89
2.27
3.21
3.33
2.13
1.69
0.01
2.80
3.38
1.26
4.80
3.29
2.61
0.63
4.27
2.35
2.55
1.03
2.87
3.80
2.59
0.81
1.11
4.35
2.17
4.27
4.85
2.23
2.31
4.28
2.09
2.41
1.12
0.08
1.89
3.36
2.36
1.31
1.10
0.83
2.61
3.53
1.78
2.02
3.54
0.76
1.38
1.52
4.97
0.76
0.07
0.77
4.53
3.80
2.55
0.61
1.48
4.42
0.40
0.82
3.72
1.98
3.20
2.90
0.96
2.31
0.45
4.73
1.02
2.53
4.20
1.91
3.24
2.66
4.19
2.46
2.54
2.96
3.06
2.37
0.84
2.73
1.85
0.01
1.06
3.97
3.34
2.11
1.10
0.09
3.22
3.86
4.19
1.26
3.82
3.79
0.49
4.00
1.92
2.27
2.23
0.09
2.14
1.98
0.63
2.00
1.32
1.49
4.97
3.16
0.42
3.05
2.36
2.31
3.22
4.69
4.11
4.75
2.26
2.42
3.46
2.67
2.60
2.59
4.95
0.83
3.60
3.17
2.57
3.60
4.18
3.52
4.76
3.60
3.21
1.31
1.83
4.08
3.03
1.74
3.79
2.81
1.74
0.75
3.93
3.35
2.21
3.84
0.31
2.61
3.78
1.85
2.38
2.13
3.08
4.45
2.85
3.54
3.37
0.69
2.34
4.40
2.75
4.73
2.52
3.18
3.07
3.17
1.44
2.14
1.11
2.86
2.77
3.35
1.37
0.23
2.36
1.48
2.52
1.09
4.72
2.75
4.35
2.32
0.56
4.62
4.30
0.48
1.03
4.57
0.67
3.16
1.88
2.45
4.01
2.97
1.24
4.74
1.09
0.70
2.34
3.72
4.67
1.11
0.64
2.87
3.20
3.58
3.20
0.40
0.18
3.82
4.42
0.84
3.76
1.26
2.51
0.82
0.67
2.10
3.29
0.71
3.47
3.89
1.56
4.61
3.65
2.60
2.30
4.96
2.55
4.89
2.84
4.94
0.98
2.97
2.84
0.26
3.57
2.84
4.66
2.48
1.19
0.23
2.15
4.02
2.70
3.29
0.63
1.26
0.64
2.24
1.91
1.55
1.13
2.46
3.60
4.72
2.89
2.61
3.64
4.48
0.70
4.00
0.78
3.46
2.87
4.60
3.45
4.59
4.14
4.95
4.77
1.95
3.30
0.87
3.26
2.52
4.04
3.29
0.34
4.85
2.01
3.69
4.34
2.65
3.54
4.32
0.40
4.99
4.58
2.83
0.86
2.78
2.91
0.75
4.18
4.91
2.64
1.83
0.69
4.28
0.79
0.80
3.35
4.66
3.59
2.95
0.20
3.55
2.61
2.80
0.04
3.57
0.99
0.62
0.44
1.60
0.25
4.79
4.62
1.88
2.46
3.62
4.28
1.45
3.80
3.69
1.65
0.75
1.09
2.05
0.81
3.27
2.37
0.51
4.88
1.74
3.37
0.88
1.43
4.89
3.72
1.43
0.36
4.98
4.72
3.92
2.69
2.58
1.16
2.21
0.81
1.69
1.79
1.68
3.73
4.29
4.60
4.83
1.09
0.45
1.68
2.56
2.95
0.27
2.76
1.59
1.84
4.43
1.89
3.19
0.20
2.16
4.40
4.45
2.25
2.36
4.69
0.08
4.14
1.28
0.16
1.12
1.64
4.84
0.70
1.89
3.11
4.77
0.26
0.74
0.27
2.39
1.16
4.60
2.06
4.74
3.58
3.48
2.78
2.10
4.17
4.68
4.45
3.53
3.98
1.98
1.63
1.79
1.98
4.07
0.35
0.62
2.03
1.36
3.12
4.91
1.02
0.56
3.40
0.91
1.72
3.75
1.40
2.34
3.04
4.19
3.73
1.76
1.87
2.79
0.32
1.73
4.13
3.66
2.10
3.99
1.18
2.72
4.44
2.58
4.24
3.85
3.80
3.10
1.14
3.36
2.06
2.02
2.28
4.13
2.90
4.89
1.48
3.46
3.64
4.62
1.59
4.01
0.87
2.71
0.22
4.87
2.36
4.13
4.56
1.19
4.08
0.64
3.68
2.87
2.51
3.44
2.54
1.94
2.65
1.80
1.83
2.12
0.49
1.99
4.79
0.23
0.06
3.40
2.42
3.57
2.56
4.77
4.94
0.80
1.19
2.94
3.09
4.33
3.37
0.98
4.40
0.74
0.05
4.78
3.68
3.08
3.56
4.78
1.39
0.98
2.47
1.52
4.53
3.78
0.44
3.05
0.14
1.16
3.95
0.76
1.93
2.98
1.18
4.68
1.07
3.72
4.78
3.16
1.00
2.21
4.49
4.89
4.56
2.28
1.66
0.53
4.76
2.23
4.27
0.55
0.47
0.10
0.81
4.33
3.60
2.90
1.55
4.18
3.13
2.80
0.28
2.78
1.23
0.97
3.50
4.65
4.95
4.69
1.27
0.96
4.63
1.26
0.97
4.16
0.45
0.34
1.82
0.00
0.02
0.48
4.17
3.85
4.35
0.23
3.17
1.60
0.78
2.03
0.60
4.07
2.01
2.62
2.77
1.89
3.03
1.00
3.22
2.51
4.96
0.09
2.36
3.08
0.12
1.84
4.51
0.39
3.03
3.10
2.45
4.45
3.43
2.57
0.41
2.03
2.69
4.92
0.71
3.75
0.53
4.61
1.24
4.96
0.74
2.87
2.59
1.77
4.81
1.04
4.65
3.30
1.06
3.21
3.15
4.57
2.92
4.07
1.20
3.89
4.45
0.80
3.19
4.95
0.81
1.21
1.62
2.93
1.77
0.51
2.15
4.78
2.45
1.70
4.14
2.22
2.62
3.66
0.87
1.80
0.31
1.64
0.40
0.89
0.28
2.43
1.80
2.15
1.22
4.88
4.64
1.58
1.28
1.72
3.09
2.17
2.62
1.15
4.41
3.22
0.40
0.42
1.69
4.21
3.47
2.14
2.78
4.79
4.88
0.73
1.97
2.85
0.45
2.13
0.51
4.59
4.51
3.60
3.81
4.62
4.55
1.76
3.95
0.00
3.38
4.82
0.13
2.03
1.23
4.38
1.06
2.65
3.28
1.19
2.52
4.10
2.14
3.48
2.86
3.58
4.75
1.15
0.23
3.20
2.16
0.17
0.86
0.57
1.70
1.02
2.96
1.50
4.72
3.22
3.40
0.71
1.79
4.26
0.51
3.66
1.00
4.20
1.84
4.92
2.62
0.61
1.89
1.56
1.16
1.06
3.49
4.43
3.95
4.10
1.06
0.16
1.60
1.76
4.44
1.10
2.32
2.07
2.78
4.83
1.47
4.43
2.65
0.66
1.56
0.42
1.13
4.26
4.76
1.17
3.39
2.06
3.19
3.32
2.13
0.81
2.94
0.31
1.62
0.40
3.32
4.14
1.83
1.86
0.03
2.79
3.31
1.32
2.24
4.41
3.21
2.61
1.24
3.00
0.41
2.32
3.54
0.83
1.43
2.26
4.15
4.54
4.75
0.96
3.42
3.69
0.05
3.37
4.64
0.07
4.71
2.35
0.85
4.21
0.34
1.76
3.71
2.57
0.93
3.89
0.32
1.21
1.76
4.60
2.38
1.50
2.97
3.58
0.16
4.45
0.85
3.02
2.68
4.85
1.33
4.09
4.19
1.64
2.67
1.06
0.95
3.88
4.28
2.02
3.33
1.83
4.23
4.95
0.61
1.56
2.77
0.04
3.05
2.14
1.89
3.15
2.52
0.55
3.88
4.33
0.80
0.87
1.33
3.29
2.27
0.97
4.05
1.75
3.43
4.06
0.97
2.66
1.90
1.55
3.85
0.17
1.96
0.09
1.99
2.66
1.67
3.54
3.52
0.61
0.94
2.95
3.60
0.28
4.15
0.47
3.91
4.32
1.80
0.24
1.94
0.46
4.34
2.85
3.49
0.71
2.36
4.01
2.31
0.98
0.35
4.94
1.42
3.46
3.88
2.69
4.70
4.54
1.24
2.24
1.70
4.28
1.45
4.10
1.95
0.42
2.80
2.82
1.51
4.13
1.10
2.03
3.04
0.34
0.80
4.93
4.87
3.94
2.25
1.49
4.61
0.87
4.67
3.16
2.33
0.38
2.40
4.21
0.05
2.50
4.39
3.74
3.36
1.09
3.31
3.59
0.34
4.22
4.23
0.84
2.12
4.56
1.27
3.33
3.19
3.42
2.23
3.88
2.71
3.96
0.52
2.47
0.87
3.27
4.12
2.60
3.98
4.74
0.78
4.12
3.32
1.98
0.34
0.58
0.56
4.54
2.16
4.95
0.93
0.88
2.04
3.68
0.98
4.66
4.45
4.46
3.59
4.08
3.96
1.31
1.03
0.53
3.59
0.61
4.57
2.41
2.22
1.07
3.47
2.68
4.53
3.41
1.05
4.07
1.74
3.01
3.48
1.52
2.47
3.31
0.49
0.21
1.74
2.96
1.13
2.07
0.38
4.76
2.88
2.16
4.71
4.54
3.38
3.25
4.28
2.56
2.09
2.63
1.78
0.95
2.80
4.88
2.83
1.44
2.62
4.94
2.90
1.72
1.74
4.77
4.84
3.18
0.30
3.78
0.08
0.08
4.18
0.06
4.59
3.76
4.05
1.54
2.36
3.14
3.75
2.44
3.67
3.63
4.52
4.85
3.38
0.05
2.10
1.13
4.70
0.81
0.11
3.61
4.03
1.26
2.30
2.85
3.41
0.16
0.65
0.36
4.20
1.87
1.15
0.72
4.31
4.40
2.81
4.65
0.37
0.93
3.43
2.11
2.44
3.82
0.93
2.60
3.65
4.04
0.49
0.80
0.99
1.88
3.47
1.83
4.29
1.51
3.70
2.31
3.81
4.46
4.99
4.86
0.03
2.11
4.99
3.17
0.34
2.47
2.41
4.42
4.69
2.31
4.45
0.82
2.49
4.83
1.50
3.24
0.34
0.02
4.65
0.07
2.71
1.24
0.13
3.08
3.29
1.17
4.59
0.63
4.37
2.24
3.07
3.25
3.40
1.50
2.09
0.25
2.46
1.82
1.25
1.54
3.63
4.70
3.90
3.76
0.46
1.52
1.93
1.68
2.52
1.66
0.63
4.64
0.50
3.81
1.77
0.97
0.07
0.37
0.17
3.22
4.66
3.18
0.32
2.47
1.54
3.55
1.76
4.07
3.55
4.43
3.70
2.20
2.13
1.08
0.83
2.05
3.64
4.54
2.33
0.47
1.86
3.48
4.92
0.50
1.66
4.24
2.04
3.95
4.08
4.79
0.65
2.69
0.29
2.57
4.84
0.58
2.69
0.30
0.09
1.77
2.11
3.38
3.12
3.38
1.52
0.72
3.24
0.91
0.72
0.73
3.48
4.86
2.32
2.35
1.40
1.43
1.94
4.26
4.05
1.90
2.69
3.26
4.46
4.13
0.25
1.82
2.21
4.43
4.78
3.93
1.70
2.92
4.68
1.72
2.92
3.95
0.07
4.64
1.80
1.58
1.17
4.76
0.73
4.85
3.65
2.83
0.89
3.04
1.59
0.96
2.57
0.94
4.25
0.51
3.75
0.91
2.19
0.56
3.07
0.52
3.91
0.02
2.33
4.96
2.19
2.98
0.18
0.44
4.27
1.70
3.32
2.81
1.99
2.62
2.06
2.44
2.89
3.53
2.37
3.50
4.09
0.01
0.59
4.96
0.70
3.94
4.13
0.56
1.38
4.06
0.11
4.86
2.94
4.71
1.41
3.78
3.90
1.65
0.73
4.24
1.71
4.37
3.73
0.43
2.20
4.96
1.28
3.01
3.25
0.55
4.47
4.07
0.63
2.51
2.72
4.99
0.13
4.81
0.56
1.41
4.87
1.21
0.16
2.64
0.83
3.35
2.01
3.98
3.66
3.61
4.29
4.24
4.94
3.63
2.23
0.97
4.36
4.45
0.43
4.10
2.20
0.37
1.69
1.24
0.85
0.33
2.40
4.57
3.58
0.05
3.39
0.01
0.56
3.37
4.99
1.62
0.13
3.41
4.93
3.51
1.17
4.16
1.77
4.94
2.35
2.95
1.59
2.93
4.41
0.50
2.42
3.06
2.59
4.96
4.08
1.37
0.16
2.50
2.96
3.80
2.03
4.36
1.12
4.82
1.24
3.52
1.43
3.01
1.55
3.54
0.20
0.71
2.63
2.98
4.39
4.45
1.88
3.74
0.68
0.05
1.24
0.64
3.00
1.65
2.70
3.81
1.62
2.53
2.97
4.17
1.46
0.77
1.07
1.69
4.17
1.79
3.79
0.43
0.41
1.94
3.53
2.32
4.64
4.47
0.29
3.66
3.50
1.02
0.17
1.17
1.29
0.30
1.86
1.52
0.57
4.95
3.93
4.46
4.52
2.16
2.86
0.32
0.89
2.82
4.65
2.19
4.22
2.41
3.87
4.66
4.42
0.44
3.76
0.36
1.78
0.28
4.67
0.55
0.07
4.46
3.75
1.06
1.49
3.27
2.15
2.25
4.85
2.58
1.10
4.55
0.52
4.33
0.49
0.52
3.79
1.98
0.91
2.25
4.10
2.36
0.11
3.66
3.85
1.92
4.07
4.41
0.93
4.03
2.44
3.38
3.74
4.82
1.56
4.39
2.11
1.01
1.48
4.18
1.21
1.24
4.66
0.06
1.41
2.61
4.97
1.01
3.23
1.98
0.84
2.30
1.18
2.74
1.06
4.71
1.32
2.52
1.19
0.53
3.53
2.01
4.71
2.44
1.30
2.79
3.44
2.08
4.84
4.95
4.66
3.24
4.03
1.90
1.07
2.31
2.74
3.48
0.43
2.68
1.63
0.91
1.67
3.79
3.59
3.03
2.91
0.36
3.99
2.61
2.42
1.36
1.85
2.75
0.90
0.22
1.40
0.28
1.24
2.34
3.54
3.65
1.53
2.91
1.55
1.23
0.63
1.41
3.41
4.86
3.77
4.26
2.30
0.15
1.37
1.18
3.39
2.04
2.06
2.07
0.33
1.34
3.73
1.61
1.74
1.99
1.37
3.71
1.80
2.74
2.60
0.60
3.49
2.63
1.97
1.68
0.31
2.45
1.32
4.14
0.35
1.79
2.70
2.91
4.71
0.22
4.59
1.38
1.82
0.62
3.66
3.43
2.11
4.29
0.97
0.24
0.55
3.76
3.30
4.41
2.50
0.77
1.00
1.98
4.87
4.55
4.59
4.34
1.45
1.83
2.29
2.94
4.29
4.86
2.68
1.45
1.35
2.21
3.16
0.32
1.72
2.24
4.07
3.27
1.95
0.84
0.90
1.66
1.80
0.79
2.94
4.40
2.99
3.88
4.95
4.97
1.65
1.21
3.87
2.80
0.57
0.73
4.63
2.79
4.05
4.53
1.23
4.90
2.32
3.84
0.19
2.57
1.36
4.04
2.66
2.71
0.37
4.06
2.16
2.28
2.25
0.65
2.39
4.14
2.11
4.84
4.61
4.69
1.04
3.50
0.26
0.81
1.56
1.28
1.86
3.95
1.48
2.20
0.48
1.90
2.31
1.92
2.70
2.50
3.35
4.37
3.43
2.50
4.49
3.93
4.08
2.15
2.16
4.00
3.45
1.52
1.50
4.55
4.54
2.58
3.70
2.73
1.86
2.23
2.70
4.42
4.75
0.46
1.93
3.19
0.79
4.01
4.08
1.28
2.42
0.05
2.32
2.71
1.96
3.71
2.25
3.55
0.99
0.17
1.28
0.61
2.76
0.23
0.34
2.78
2.51
2.13
1.64
4.51
1.57
1.58
1.95
3.47
4.52
4.07
0.20
4.16
2.64
3.45
4.32
3.73
2.16
0.36
4.70
3.26
2.71
4.38
3.74
4.28
3.24
4.06
2.76
2.63
1.08
4.46
1.06
4.96
4.63
1.29
1.43
3.30
2.71
1.86
1.93
2.24
4.33
2.47
4.73
3.83
4.82
2.09
4.02
2.09
0.22
1.81
0.51
4.00
0.12
4.63
0.22
3.60
0.50
1.39
2.50
2.39
3.82
2.58
2.54
3.69
0.41
3.80
2.60
0.41
2.50
4.85
2.41
4.43
2.05
1.94
1.35
1.00
3.45
3.32
4.08
1.55
2.63
4.29
2.53
0.30
4.48
3.28
1.17
4.45
2.34
3.50
4.44
2.60
1.98
4.69
2.23
0.75
0.10
3.98
4.07
0.77
2.87
3.02
2.83
1.86
3.01
4.28
1.58
0.00
4.95
1.45
1.19
1.06
0.84
0.89
0.26
4.26
1.58
3.97
1.78
2.34
0.82
2.16
3.93
0.05
4.98
1.68
2.03
3.61
3.71
3.02
3.85
1.66
4.14
4.42
0.23
0.84
4.54
0.05
4.80
3.91
2.43
4.98
4.37
0.57
3.86
2.57
1.27
2.97
0.66
3.05
4.49
4.03
0.31
4.18
2.51
0.96
4.33
4.85
1.85
1.42
4.94
2.66
3.87
4.92
4.85
0.76
1.95
2.50
0.13
0.37
2.68
0.70
0.26
3.38
2.18
3.59
4.64
3.75
4.18
2.70
0.01
4.86
1.07
1.24
2.20
3.38
0.94
2.14
3.42
0.66
2.44
0.54
4.36
1.87
2.58
0.72
3.76
0.56
4.75
1.90
4.27
2.00
2.90
3.52
4.55
3.54
1.06
1.62
1.29
0.88
2.34
0.16
4.31
4.09
1.79
1.24
0.34
4.52
1.81
2.13
4.80
1.46
1.52
0.99
4.79
1.58
2.00
0.53
1.15
4.11
3.87
0.21
1.86
0.80
1.69
0.65
4.63
4.90
2.63
0.68
2.35
3.66
4.03
1.25
0.53
4.72
2.36
1.56
0.86
1.15
1.80
4.44
0.89
0.16
2.71
3.32
0.13
2.75
2.40
0.56
4.43
0.33
3.60
1.73
1.72
0.62
3.43
3.79
2.33
4.87
1.42
0.79
4.42
4.72
0.27
3.02
0.23
2.21
0.55
1.50
4.68
1.28
4.31
3.04
0.29
1.15
0.53
1.91
4.75
1.16
2.96
1.44
0.81
4.02
3.49
0.21
0.92
2.57
4.36
2.38
2.29
1.37
1.95
4.77
3.94
2.76
0.04
1.29
3.96
3.15
4.87
2.11
4.53
4.86
4.99
0.52
0.80
4.35
0.97
1.71
0.87
3.82
1.21
3.63
2.48
2.14
0.62
1.80
0.23
0.44
1.32
4.70
3.17
2.06
2.11
0.41
1.85
3.41
3.06
4.04
2.56
4.51
2.30
1.15
4.44
2.26
4.48
1.42
1.77
1.16
1.38
0.33
2.51
1.40
4.36
1.07
3.21
0.24
0.06
3.81
3.18
2.58
2.01
3.26
2.06
4.78
2.17
2.24
3.86
4.59
3.23
1.19
1.43
2.05
4.97
4.92
2.56
3.44
4.83
1.26
3.29
3.84
3.17
0.70
1.14
2.41
2.07
2.83
2.91
3.13
4.19
3.10
4.39
2.92
0.17
2.70
3.87
4.18
2.88
0.81
2.82
4.86
0.70
0.52
0.70
4.12
3.88
4.78
0.22
1.09
0.84
4.02
2.88
3.78
0.66
4.31
3.58
1.16
2.07
2.68
4.76
0.28
2.02
3.57
0.03
1.60
1.17
1.10
3.00
0.90
4.48
3.78
4.44
4.18
4.92
4.58
0.70
1.52
4.86
0.19
2.83
0.33
4.18
4.64
3.20
0.43
3.24
3.97
4.99
2.72
2.41
0.46
2.56
0.43
1.15
0.85
0.90
3.55
1.68
2.83
0.90
3.29
2.92
1.53
4.63
2.70
0.46
2.63
3.21
1.33
3.11
0.64
3.46
0.13
3.21
4.91
3.05
3.49
4.18
2.25
2.46
4.38
1.38
4.66
1.44
3.61
2.72
3.33
1.21
2.57
2.19
4.55
1.91
3.82
1.31
3.44
3.83
3.50
1.83
0.33
0.58
2.47
2.44
1.33
0.29
4.75
2.21
2.38
2.00
3.72
3.16
2.11
1.04
1.77
2.94
4.53
2.49
2.13
4.91
4.42
2.59
1.67
1.11
2.41
4.81
2.15
3.12
0.23
2.85
0.14
0.66
4.36
1.62
2.33
0.52
0.84
3.50
1.29
3.95
1.22
4.77
0.05
3.71
4.18
0.81
2.96
3.17
2.73
2.00
0.29
2.37
0.73
2.63
2.15
1.39
3.71
0.88
0.89
2.18
3.23
2.50
1.10
4.74
3.30
0.35
0.96
0.87
1.61
1.09
4.42
0.86
2.08
4.78
4.60
0.50
1.98
3.27
1.60
4.40
4.68
2.34
0.49
4.19
0.27
4.11
0.20
1.15
4.98
4.27
4.42
4.95
2.73
4.75
2.66
3.70
0.69
3.42
2.23
4.70
2.68
2.56
2.35
3.55
0.15
1.04
3.31
3.65
2.94
2.47
1.82
2.60
1.98
0.56
2.95
3.43
1.13
2.13
4.23
2.00
1.36
1.78
3.07
2.74
1.92
2.50
2.70
2.99
2.01
4.41
2.87
2.39
3.02
0.11
4.61
3.38
4.21
1.42
1.37
1.20
4.11
4.15
2.72
2.37
0.83
0.35
2.46
0.41
4.99
4.69
4.73
3.35
0.73
2.16
3.01
0.55
1.90
2.92
3.04
3.73
4.51
3.67
1.57
1.35
4.98
2.15
2.85
0.93
3.86
2.65
2.93
3.41
1.34
2.06
0.68
1.60
4.20
1.68
1.38
1.74
0.42
3.64
3.50
3.84
0.66
2.22
4.36
3.28
1.00
1.29
0.95
1.24
0.71
0.06
1.90
2.40
0.52
4.95
1.89
4.92
3.70
0.69
4.82
3.49
1.20
2.05
3.64
2.76
4.93
2.71
0.59
0.60
1.34
2.05
0.53
2.39
4.83
3.76
4.87
4.51
0.36
4.13
4.36
0.28
2.95
2.13
2.38
0.51
4.33
4.39
4.04
3.20
0.59
1.14
3.83
4.24
4.42
4.95
1.13
1.19
1.73
4.44
0.76
3.98
4.56
4.66
0.67
1.16
3.25
1.83
4.28
2.14
1.17
3.62
0.69
3.20
1.92
1.80
0.20
1.01
1.94
0.40
2.83
4.49
4.81
2.54
3.61
2.21
3.08
3.72
0.93
1.43
2.71
4.10
1.08
3.42
0.20
4.24
4.32
4.09
3.36
2.44
0.15
3.98
0.07
2.28
3.67
1.56
4.33
1.18
0.01
0.66
4.27
4.70
4.33
2.24
1.78
0.30
2.13
4.63
3.47
2.80
1.14
3.28
1.32
3.20
1.93
2.66
0.23
2.55
0.70
0.60
3.58
2.09
4.26
2.44
0.38
0.31
2.04
4.70
2.95
3.42
0.15
3.96
1.53
2.26
0.17
2.71
1.76
2.60
1.79
3.46
2.42
0.77
4.52
2.02
0.93
1.05
3.55
4.96
3.17
2.15
3.61
4.04
2.84
3.63
2.82
0.48
2.53
0.96
4.53
3.21
0.82
0.31
2.53
4.38
2.97
0.17
0.77
3.22
1.83
4.36
1.50
4.01
3.14
1.30
1.70
1.19
4.16
4.91
4.55
3.27
1.51
1.74
0.59
0.43
1.14
2.84
3.92
1.04
2.58
1.84
1.38
1.68
2.10
2.06
0.18
3.55
0.25
3.20
3.90
4.81
2.06
0.88
1.49
4.42
4.27
1.44
1.44
2.13
2.30
2.50
2.76
3.97
0.60
2.80
0.13
0.62
1.19
1.63
4.71
4.52
1.68
2.96
2.37
2.57
1.21
0.96
0.15
4.01
0.92
3.46
0.08
2.81
4.73
3.33
4.07
3.02
4.32
4.51
2.43
1.73
3.47
1.27
0.74
0.51
1.09
0.75
3.49
1.62
2.08
3.15
2.73
1.86
3.98
3.21
4.02
1.79
0.48
3.76
2.26
0.03
2.36
4.67
1.34
2.88
1.29
1.25
0.36
0.06
2.60
1.86
0.31
4.33
4.07
2.26
3.23
2.80
0.14
2.15
4.41
0.68
0.52
1.83
2.42
1.87
2.94
3.65
3.96
0.16
4.98
0.36
2.14
3.07
2.29
1.96
2.45
2.54
2.92
2.77
4.08
3.60
2.70
0.36
0.71
4.02
0.85
4.80
2.93
0.17
1.43
0.67
3.05
3.63
3.62
2.39
4.75
0.35
1.82
2.42
3.22
4.17
4.71
2.41
1.22
3.61
1.97
4.24
3.90
1.15
2.55
4.27
0.34
0.46
1.35
2.23
2.13
0.91
3.26
2.21
1.65
0.10
0.20
4.73
0.27
2.74
0.51
0.08
2.37
2.19
1.76
2.53
1.03
1.42
2.37
1.49
3.54
1.16
4.50
3.58
4.96
3.20
0.16
3.60
1.33
1.39
4.19
4.89
3.18
0.80
1.66
4.76
0.23
2.97
4.47
1.85
3.32
2.98
4.32
2.06
0.41
3.87
2.97
0.52
2.54
2.92
4.76
0.34
3.90
1.10
4.07
2.33
0.63
1.66
3.62
1.64
2.27
1.37
0.85
4.07
0.98
0.92
1.25
1.14
3.08
4.62
4.72
1.48
3.24
3.30
2.78
1.00
0.10
0.45
1.97
0.14
1.10
1.46
2.27
4.41
2.60
3.60
0.99
2.22
4.25
2.50
2.30
0.12
2.82
2.24
3.88
1.45
2.48
3.77
1.19
3.39
3.21
0.27
1.14
4.88
0.41
0.15
1.31
2.72
2.89
3.73
2.71
1.86
3.36
3.69
1.89
2.33
0.83
1.10
0.96
2.49
3.16
0.40
4.38
1.14
1.92
1.14
0.87
3.74
3.70
4.21
4.33
0.38
1.45
3.72
2.39
1.79
2.72
1.68
2.21
2.85
4.78
2.00
0.29
0.62
4.82
1.13
4.49
1.82
3.12
0.24
2.13
0.39
1.93
0.45
4.54
0.95
0.96
2.83
0.29
3.64
4.22
2.28
4.84
2.15
2.79
0.04
4.63
1.73
0.40
3.43
0.33
1.76
3.61
3.73
0.93
0.25
2.36
1.47
2.25
0.36
1.52
3.77
0.83
3.21
3.04
0.07
0.72
4.49
2.48
1.18
0.09
4.84
1.22
1.12
1.81
3.80
0.89
0.25
3.02
1.82
1.01
0.13
0.26
3.91
0.66
1.31
3.96
3.51
4.92
3.45
1.85
4.45
4.86
2.81
2.25
4.65
3.30
2.46
2.99
0.55
4.09
0.22
3.79
2.20
4.26
0.85
3.81
1.87
4.40
4.58
0.49
0.43
2.67
3.83
0.90
1.91
2.28
0.35
3.90
1.70
0.25
0.47
0.94
0.02
3.96
3.22
1.23
0.18
0.58
3.88
4.21
4.43
3.00
4.94
2.25
4.33
0.96
4.86
2.19
0.50
3.31
2.50
4.26
2.43
3.63
4.90
3.37
4.98
4.09
2.83
0.37
2.17
0.54
2.48
2.26
2.11
4.13
3.75
3.62
3.94
1.42
0.70
4.63
1.38
2.20
4.69
1.87
1.84
2.99
0.94
3.30
4.73
1.78
0.26
1.82
4.66
1.10
2.61
2.02
2.65
4.40
1.84
0.55
3.79
1.43
1.81
3.81
0.16
2.40
0.01
0.76
2.73
1.74
2.87
1.63
4.33
1.27
0.40
3.18
1.65
3.17
1.40
1.28
4.20
0.59
4.51
1.84
4.15
2.92
4.08
2.02
0.75
1.96
3.96
4.81
2.57
1.80
3.40
4.02
0.51
3.13
1.83
0.58
4.05
0.50
2.61
2.00
2.46
0.00
2.10
3.86
3.16
3.76
3.34
4.20
0.09
4.28
1.12
1.62
1.67
3.35
3.19
2.82
1.86
4.80
3.44
3.27
3.28
0.31
0.24
1.60
2.33
1.47
3.58
2.51
0.37
2.53
4.94
0.58
4.06
1.01
1.11
0.60
3.15
1.61
1.12
3.52
2.24
1.76
2.94
0.01
4.54
4.61
3.27
4.30
4.81
1.43
0.17
4.09
4.90
1.90
2.30
3.93
3.21
1.37
2.64
4.56
3.44
0.59
0.18
3.11
1.63
4.97
4.57
1.80
0.63
3.55
1.33
4.01
3.32
3.02
3.71
2.22
3.70
0.48
1.36
2.85
4.16
1.87
0.19
2.36
2.18
1.36
1.40
3.00
0.28
1.72
3.79
4.77
0.19
0.65
1.41
0.42
4.65
3.99
0.77
3.13
4.79
1.95
2.30
3.15
1.21
1.78
2.62
1.79
1.19
4.83
4.88
1.07
0.78
1.50
1.19
4.77
3.03
4.33
4.72
2.95
1.61
4.34
4.28
4.36
1.56
0.30
3.89
1.29
2.74
4.31
0.24
3.76
0.73
0.66
4.38
1.84
0.02
1.09
2.82
3.34
0.94
1.11
0.18
1.48
3.12
0.58
4.72
1.25
3.95
3.90
2.58
3.32
2.62
4.14
1.75
0.97
4.25
0.10
4.03
3.88
1.46
4.93
3.63
4.45
4.49
4.14
1.09
0.64
1.97
0.66
1.06
1.70
1.47
1.06
2.93
4.07
2.20
1.02
3.64
2.45
3.72
1.78
1.60
3.81
4.39
0.77
4.64
3.68
0.36
1.12
4.65
1.21
3.23
1.74
4.82
4.30
2.29
4.22
0.86
1.53
3.20
2.29
0.51
3.71
4.57
4.15
0.27
2.78
4.78
0.95
0.03
4.59
0.00
3.77
4.91
0.97
4.13
2.93
3.29
0.02
1.29
4.32
3.95
0.00
2.74
0.58
1.51
1.25
4.15
3.98
4.85
0.94
0.02
3.74
0.52
2.61
0.55
2.27
3.48
2.47
0.37
1.36
4.55
3.97
2.29
4.42
4.60
4.39
3.77
2.88
2.03
4.32
3.31
4.14
0.00
1.55
0.59
1.20
1.24
2.01
0.20
3.43
0.73
3.18
0.38
1.29
4.91
2.51
2.97
4.28
2.73
1.89
1.96
1.57
1.96
1.47
4.75
2.50
3.14
3.85
3.29
0.50
4.67
4.38
0.80
1.53
4.78
1.35
3.17
3.36
0.62
2.23
4.24
2.35
4.54
0.16
1.91
2.84
3.26
0.62
0.53
0.98
1.77
4.68
4.05
2.00
1.99
3.69
1.42
4.83
1.78
1.09
4.87
4.77
0.33
2.98
0.46
2.58
3.44
1.27
3.43
4.49
3.50
2.97
4.81
2.74
2.95
1.48
0.46
1.53
1.80
1.99
1.38
1.65
4.61
2.92
0.99
1.23
2.80
2.61
3.51
4.39
3.92
0.38
0.99
1.77
2.63
3.59
0.19
2.89
4.98
2.82
3.36
0.87
2.56
2.16
0.78
1.12
1.16
4.40
3.99
2.09
4.93
1.44
4.30
3.71
3.06
4.29
3.76
0.17
0.68
0.96
2.77
4.40
3.04
2.68
2.48
3.64
2.95
2.37
2.06
1.63
1.72
4.76
0.92
0.60
2.13
4.95
0.59
3.58
2.72
4.36
2.98
1.38
0.15
4.15
3.67
4.31
3.07
4.37
1.13
0.08
1.76
3.95
1.80
3.87
4.32
0.03
4.73
0.53
2.11
1.15
3.17
2.19
0.42
2.82
2.37
0.32
2.69
2.16
1.40
1.16
3.40
4.10
4.22
0.77
2.16
4.84
4.94
3.06
3.70
1.54
0.07
0.36
4.65
2.92
3.34
4.23
2.23
2.96
1.45
2.50
1.53
2.02
0.35
0.37
3.93
0.34
4.17
1.12
2.14
1.33
0.82
2.75
2.70
3.18
0.30
2.38
4.20
4.73
2.22
3.89
0.98
0.49
1.75
1.46
2.51
0.59
3.98
2.98
1.73
3.98
1.94
3.59
0.81
3.42
0.31
3.83
0.35
3.81
1.14
2.33
0.10
3.32
3.64
0.22
3.36
1.80
3.77
2.98
0.34
2.40
1.75
4.43
1.89
2.26
0.56
2.08
1.89
1.17
0.51
3.96
4.53
3.74
1.62
1.96
2.73
2.63
3.90
1.47
1.21
2.30
2.28
0.84
4.06
3.15
4.86
2.08
2.94
2.25
3.05
3.39
2.96
3.86
1.55
4.29
2.26
0.86
4.78
4.32
1.16
4.88
4.94
0.08
2.04
0.21
0.68
0.06
3.40
1.54
2.35
0.36
1.86
2.96
3.09
2.30
2.60
0.18
3.87
2.20
1.34
4.76
3.37
2.56
3.31
3.86
4.16
3.03
2.25
2.31
1.94
2.96
0.71
0.90
4.35
4.78
3.74
1.22
0.27
1.49
1.48
0.87
2.08
1.49
3.42
1.81
2.88
2.34
3.40
2.55
1.66
4.31
4.25
4.83
4.93
2.27
2.96
2.16
3.60
3.61
3.40
4.18
2.12
4.30
3.80
4.72
2.18
1.48
0.32
1.39
3.65
2.73
0.67
1.30
3.54
0.23
1.78
4.82
2.28
3.47
2.72
0.85
4.32
4.19
1.29
4.58
3.11
4.16
2.66
3.07
2.95
3.49
0.11
2.92
2.14
2.95
2.87
2.62
4.76
3.03
0.82
4.46
0.35
2.15
0.82
0.64
0.42
2.81
1.27
0.83
2.29
2.81
0.03
4.94
4.10
2.76
3.70
0.53
1.97
3.09
3.92
2.44
4.04
2.25
2.96
4.36
1.51
4.69
0.50
4.92
0.59
2.25
1.62
0.56
3.38
1.04
2.29
2.81
1.70
4.59
2.00
0.33
1.66
2.96
1.58
2.58
2.74
4.35
2.15
4.83
3.13
4.43
0.90
0.40
4.73
3.02
4.05
4.72
2.39
2.32
2.73
4.70
2.28
3.77
2.23
4.61
1.50
1.72
3.03
4.57
4.50
1.88
1.08
2.49
3.76
4.95
1.85
2.40
3.64
4.97
3.55
4.56
0.98
1.78
0.60
4.09
2.57
0.27
3.13
1.44
2.83
2.62
1.81
1.07
4.69
4.13
3.06
2.18
3.12
0.78
1.54
1.50
1.53
1.76
1.28
1.80
1.35
0.81
0.02
1.14
0.15
2.08
2.89
3.02
0.28
4.28
3.82
0.77
3.93
4.77
1.99
4.18
4.83
4.48
0.43
2.26
3.58
0.28
1.53
4.84
0.84
4.40
3.08
4.97
4.77
3.00
2.28
2.11
0.76
0.78
2.61
0.93
2.07
0.97
2.14
1.40
3.59
0.36
0.46
2.53
4.40
2.60
0.59
4.15
3.75
3.28
2.00
0.16
1.62
4.89
0.74
1.91
4.39
3.01
1.49
1.50
0.60
3.29
1.07
4.97
4.52
0.06
2.41
0.42
0.75
1.52
3.70
2.26
0.41
1.01
4.80
3.97
0.69
0.39
1.98
0.01
3.43
0.33
0.76
1.63
0.64
4.76
4.08
1.04
1.64
3.56
1.89
2.55
1.71
4.77
0.24
0.82
3.14
3.57
1.53
0.61
4.17
4.14
2.95
1.70
3.38
4.96
0.63
3.57
3.53
1.18
3.54
2.53
4.56
1.37
2.15
3.64
3.61
2.63
2.67
0.24
1.24
3.63
3.95
3.02
1.67
1.62
3.02
2.88
0.56
0.60
3.86
3.55
2.37
1.16
3.22
4.39
3.89
0.26
1.05
4.61
2.70
0.76
2.98
3.12
0.29
0.13
3.77
2.66
4.86
0.09
4.26
2.35
2.52
3.96
5.00
2.29
2.52
3.14
0.88
0.49
3.04
2.78
2.94
0.78
2.62
0.98
3.09
0.56
3.01
2.75
0.99
